START                                                       Windows 8.00
TITLE
"NDXKISO"
CONTROL
0,0,0, 5,, 5
M-CONTROL
 1 , 1 , 0 , 0 , 0 , 0 
 0 , 0 , 0 , 5 , 80 
 1 ,2.0,1.1,60,
 1 ,2.0,1.1,2.0,0.2,60
 0 , 1 , 1 , 1 ,20,15, 1 ,,
 0 , 1 , 1 , 1 ,20,15,1.0,1.0
NODE
    1,.00,.00,38.00,,    0,0.0,0.0,,0.0,
    2,183.00,.00,38.00,,    0,0.0,0.0,,0.0,
    3,274.50,.00,38.00,,    0,0.0,0.0,,0.0,
    4,366.00,.00,38.00,,    0,0.0,0.0,,0.0,
    5,457.50,.00,38.00,,    0,0.0,0.0,,0.0,
    6,488.00,.00,38.00,,    0,0.0,0.0,,0.0,
    7,549.00,.00,38.00,,    0,0.0,0.0,,0.0,
    8,549.00,30.50,38.00,,    0,0.0,0.0,,0.0,
    9,.00,91.50,38.00,,    0,0.0,0.0,,0.0,
   10,183.00,91.50,38.00,,    0,0.0,0.0,,0.0,
   11,549.00,91.50,38.00,,    0,0.0,0.0,,0.0,
   12,.00,122.00,38.00,,    0,0.0,0.0,,0.0,
   13,183.00,122.00,38.00,,    0,0.0,0.0,,0.0,
   14,274.50,152.50,38.00,,    0,0.0,0.0,,0.0,
   15,549.00,152.50,38.00,,    0,0.0,0.0,,0.0,
   16,183.00,213.50,38.00,,    0,0.0,0.0,,0.0,
   17,.00,244.00,38.00,,    0,0.0,0.0,,0.0,
   18,183.00,244.00,38.00,,    0,0.0,0.0,,0.0,
   19,.00,274.50,38.00,,    0,0.0,0.0,,0.0,
   20,183.00,274.50,38.00,,    0,0.0,0.0,,0.0,
   21,274.50,274.50,38.00,,    0,0.0,0.0,,0.0,
   22,549.00,274.50,38.00,,    0,0.0,0.0,,0.0,
   23,.00,335.50,38.00,,    0,0.0,0.0,,0.0,
   24,.00,366.00,38.00,,    0,0.0,0.0,,0.0,
   25,61.00,366.00,38.00,,    0,0.0,0.0,,0.0,
   26,183.00,366.00,38.00,,    0,0.0,0.0,,0.0,
   27,274.50,366.00,38.00,,    0,0.0,0.0,,0.0,
   28,366.00,366.00,38.00,,    0,0.0,0.0,,0.0,
   29,457.50,366.00,38.00,,    0,0.0,0.0,,0.0,
   30,549.00,366.00,38.00,,    0,0.0,0.0,,0.0,
   31,.00,457.50,38.00,,    0,0.0,0.0,,0.0,
   32,183.00,457.50,38.00,,    0,0.0,0.0,,0.0,
   33,366.00,457.50,38.00,,    0,0.0,0.0,,0.0,
   34,549.00,457.50,38.00,,    0,0.0,0.0,,0.0,
   35,183.00,549.00,38.00,,    0,0.0,0.0,,0.0,
   36,549.00,549.00,38.00,,    0,0.0,0.0,,0.0,
   37,183.00,610.00,38.00,,    0,0.0,0.0,,0.0,
   38,.00,640.50,38.00,,    0,0.0,0.0,,0.0,
   39,91.50,640.50,38.00,,    0,0.0,0.0,,0.0,
   40,183.00,640.50,38.00,,    0,0.0,0.0,,0.0,
   41,366.00,640.50,38.00,,    0,0.0,0.0,,0.0,
   42,457.50,640.50,38.00,,    0,0.0,0.0,,0.0,
   43,549.00,640.50,38.00,,    0,0.0,0.0,,0.0,
   44,183.00,-91.50,312.50,,    0,0.0,0.0,,0.0,
   45,366.00,-91.50,312.50,,    0,0.0,0.0,,0.0,
   46,549.00,-91.50,312.50,,    0,0.0,0.0,,0.0,
   47,.00,.00,312.50,,    0,0.0,0.0,,0.0,
   48,61.00,.00,312.50,,    0,0.0,0.0,,0.0,
   49,122.00,.00,312.50,,    0,0.0,0.0,,0.0,
   50,183.00,.00,312.50,,    0,0.0,0.0,,0.0,
   51,274.50,.00,312.50,,    0,0.0,0.0,,0.0,
   52,366.00,.00,312.50,,    0,0.0,0.0,,0.0,
   53,457.50,.00,312.50,,    0,0.0,0.0,,0.0,
   54,488.00,.00,312.50,,    0,0.0,0.0,,0.0,
   55,549.00,.00,312.50,,    0,0.0,0.0,,0.0,
   56,549.00,30.50,312.50,,    0,0.0,0.0,,0.0,
   57,549.00,91.50,312.50,,    0,0.0,0.0,,0.0,
   58,.00,122.00,312.50,,    0,0.0,0.0,,0.0,
   59,183.00,122.00,312.50,,    0,0.0,0.0,,0.0,
   60,549.00,152.50,312.50,,    0,0.0,0.0,,0.0,
   61,183.00,213.50,312.50,,    0,0.0,0.0,,0.0,
   62,.00,244.00,312.50,,    0,0.0,0.0,,0.0,
   63,549.00,244.00,312.50,,    0,0.0,0.0,,0.0,
   64,549.00,274.50,312.50,,    0,0.0,0.0,,0.0,
   65,.00,335.50,312.50,,    0,0.0,0.0,,0.0,
   66,.00,366.00,312.50,,    0,0.0,0.0,,0.0,
   67,61.00,366.00,312.50,,    0,0.0,0.0,,0.0,
   68,91.50,366.00,312.50,,    0,0.0,0.0,,0.0,
   69,183.00,366.00,312.50,,    0,0.0,0.0,,0.0,
   70,274.50,366.00,312.50,,    0,0.0,0.0,,0.0,
   71,366.00,366.00,312.50,,    0,0.0,0.0,,0.0,
   72,457.50,366.00,312.50,,    0,0.0,0.0,,0.0,
   73,549.00,366.00,312.50,,    0,0.0,0.0,,0.0,
   74,.00,457.50,312.50,,    0,0.0,0.0,,0.0,
   75,183.00,457.50,312.50,,    0,0.0,0.0,,0.0,
   76,183.00,518.50,312.50,,    0,0.0,0.0,,0.0,
   77,549.00,518.50,312.50,,    0,0.0,0.0,,0.0,
   78,.00,549.00,312.50,,    0,0.0,0.0,,0.0,
   79,183.00,549.00,312.50,,    0,0.0,0.0,,0.0,
   80,549.00,549.00,312.50,,    0,0.0,0.0,,0.0,
   81,183.00,610.00,312.50,,    0,0.0,0.0,,0.0,
   82,.00,640.50,312.50,,    0,0.0,0.0,,0.0,
   83,91.50,640.50,312.50,,    0,0.0,0.0,,0.0,
   84,183.00,640.50,312.50,,    0,0.0,0.0,,0.0,
   85,549.00,640.50,312.50,,    0,0.0,0.0,,0.0,
   86,183.00,-91.50,599.50,,    0,0.0,0.0,,0.0,
   87,366.00,-91.50,599.50,,    0,0.0,0.0,,0.0,
   88,549.00,-91.50,599.50,,    0,0.0,0.0,,0.0,
   89,.00,.00,599.50,,    0,0.0,0.0,,0.0,
   90,61.00,.00,599.50,,    0,0.0,0.0,,0.0,
   91,122.00,.00,599.50,,    0,0.0,0.0,,0.0,
   92,183.00,.00,599.50,,    0,0.0,0.0,,0.0,
   93,366.00,.00,599.50,,    0,0.0,0.0,,0.0,
   94,457.50,.00,599.50,,    0,0.0,0.0,,0.0,
   95,549.00,.00,599.50,,    0,0.0,0.0,,0.0,
   96,549.00,91.50,599.50,,    0,0.0,0.0,,0.0,
   97,.00,152.50,599.50,,    0,0.0,0.0,,0.0,
   98,549.00,152.50,599.50,,    0,0.0,0.0,,0.0,
   99,.00,244.00,599.50,,    0,0.0,0.0,,0.0,
  100,549.00,244.00,599.50,,    0,0.0,0.0,,0.0,
  101,549.00,274.50,599.50,,    0,0.0,0.0,,0.0,
  102,183.00,305.00,599.50,,    0,0.0,0.0,,0.0,
  103,.00,366.00,599.50,,    0,0.0,0.0,,0.0,
  104,91.50,366.00,599.50,,    0,0.0,0.0,,0.0,
  105,183.00,366.00,599.50,,    0,0.0,0.0,,0.0,
  106,274.50,366.00,599.50,,    0,0.0,0.0,,0.0,
  107,366.00,366.00,599.50,,    0,0.0,0.0,,0.0,
  108,457.50,366.00,599.50,,    0,0.0,0.0,,0.0,
  109,518.50,366.00,599.50,,    0,0.0,0.0,,0.0,
  110,549.00,366.00,599.50,,    0,0.0,0.0,,0.0,
  111,.00,457.50,599.50,,    0,0.0,0.0,,0.0,
  112,183.00,457.50,599.50,,    0,0.0,0.0,,0.0,
  113,183.00,518.50,599.50,,    0,0.0,0.0,,0.0,
  114,549.00,518.50,599.50,,    0,0.0,0.0,,0.0,
  115,.00,549.00,599.50,,    0,0.0,0.0,,0.0,
  116,183.00,549.00,599.50,,    0,0.0,0.0,,0.0,
  117,549.00,579.50,599.50,,    0,0.0,0.0,,0.0,
  118,.00,640.50,599.50,,    0,0.0,0.0,,0.0,
  119,91.50,640.50,599.50,,    0,0.0,0.0,,0.0,
  120,183.00,640.50,599.50,,    0,0.0,0.0,,0.0,
  121,274.50,640.50,599.50,,    0,0.0,0.0,,0.0,
  122,549.00,640.50,599.50,,    0,0.0,0.0,,0.0,
  123,183.00,-91.50,886.50,,    0,0.0,0.0,,0.0,
  124,549.00,-91.50,886.50,,    0,0.0,0.0,,0.0,
  125,.00,.00,886.50,,    0,0.0,0.0,,0.0,
  126,61.00,.00,886.50,,    0,0.0,0.0,,0.0,
  127,122.00,.00,886.50,,    0,0.0,0.0,,0.0,
  128,183.00,.00,886.50,,    0,0.0,0.0,,0.0,
  129,366.00,.00,886.50,,    0,0.0,0.0,,0.0,
  130,549.00,.00,886.50,,    0,0.0,0.0,,0.0,
  131,.00,152.50,886.50,,    0,0.0,0.0,,0.0,
  132,.00,244.00,886.50,,    0,0.0,0.0,,0.0,
  133,549.00,274.50,886.50,,    0,0.0,0.0,,0.0,
  134,183.00,305.00,886.50,,    0,0.0,0.0,,0.0,
  135,.00,366.00,886.50,,    0,0.0,0.0,,0.0,
  136,183.00,366.00,886.50,,    0,0.0,0.0,,0.0,
  137,274.50,366.00,886.50,,    0,0.0,0.0,,0.0,
  138,366.00,366.00,886.50,,    0,0.0,0.0,,0.0,
  139,457.50,366.00,886.50,,    0,0.0,0.0,,0.0,
  140,518.50,366.00,886.50,,    0,0.0,0.0,,0.0,
  141,549.00,366.00,886.50,,    0,0.0,0.0,,0.0,
  142,183.00,457.50,886.50,,    0,0.0,0.0,,0.0,
  143,183.00,518.50,886.50,,    0,0.0,0.0,,0.0,
  144,549.00,518.50,886.50,,    0,0.0,0.0,,0.0,
  145,183.00,549.00,886.50,,    0,0.0,0.0,,0.0,
  146,549.00,579.50,886.50,,    0,0.0,0.0,,0.0,
  147,.00,640.50,886.50,,    0,0.0,0.0,,0.0,
  148,183.00,640.50,886.50,,    0,0.0,0.0,,0.0,
  149,274.50,640.50,886.50,,    0,0.0,0.0,,0.0,
  150,549.00,640.50,886.50,,    0,0.0,0.0,,0.0,
BOUNDARY
1,""
    1,1,1,2,0,0,0,,,1.00E+20,,,
    2,1,1,2,0,0,0,,,1.00E+20,,,
    3,1,1,2,0,0,0,,,1.00E+20,,,
    5,1,1,2,0,0,0,,,1.00E+20,,,
    6,1,1,2,0,0,0,,,1.00E+20,,,
    7,1,1,2,0,0,0,,,1.00E+20,,,
    8,1,1,2,0,0,0,,,1.00E+20,,,
   12,1,1,2,0,0,0,,,1.00E+20,,,
   13,1,1,2,0,0,0,,,1.00E+20,,,
   16,1,1,2,0,0,0,,,1.00E+20,,,
   17,1,1,2,0,0,0,,,1.00E+20,,,
   22,1,1,2,0,0,0,,,1.00E+20,,,
   23,1,1,2,0,0,0,,,1.00E+20,,,
   24,1,1,2,0,0,0,,,1.00E+20,,,
   25,1,1,2,0,0,0,,,1.00E+20,,,
   26,1,1,2,0,0,0,,,1.00E+20,,,
   27,1,1,2,0,0,0,,,1.00E+20,,,
   28,1,1,2,0,0,0,,,1.00E+20,,,
   29,1,1,2,0,0,0,,,1.00E+20,,,
   30,1,1,2,0,0,0,,,1.00E+20,,,
   35,1,1,2,0,0,0,,,1.00E+20,,,
   36,1,1,2,0,0,0,,,1.00E+20,,,
   37,1,1,2,0,0,0,,,1.00E+20,,,
   38,1,1,2,0,0,0,,,1.00E+20,,,
   39,1,1,2,0,0,0,,,1.00E+20,,,
   40,1,1,2,0,0,0,,,1.00E+20,,,
   43,1,1,2,0,0,0,,,1.00E+20,,,
MATERIAL
 1,20500.,,,.3000,,""
 2,2267.,,,.2000,,""
M-MATERIAL
 1 ,21, 4 , 13 , 4 , 10 , 4 , 13 , 4 , 10 , 4 ,1,1,1,1,15
SECTION
1, 1,1,0,1.307E+01,1.220E-02,1.220E+02,1.220E+02,,,2.045,2.045,,,,,0,0,,,,,""
2, 1,1,0,9.570E+00,9.270E-03,9.270E+01,9.270E+01,,,2.032,2.032,,,,,0,0,,,,,""
3, 1,1,0,7.010E+00,6.990E-03,6.990E+01,6.990E+01,,,2.009,2.009,,,,,0,0,,,,,""
4, 1,1,0,2.844E+01,3.083E-01,3.083E+03,1.500E+02,,,1.580,5.060,,,,,0,0,,,,,""
5, 1,1,0,2.271E+01,2.292E-01,2.292E+03,1.000E+02,,,1.892,4.041,,,,,0,0,,,,,""
6, 1,1,0,1.934E+01,1.020E-01,1.020E+03,1.000E+02,,,1.612,3.741,,,,,0,0,,,,,""
7, 1,1,0,1.647E+01,8.260E-02,8.260E+02,7.510E+01,,,1.830,3.186,,,,,0,0,,,,,""
31, 1,1,0,6.724E-01,,,,,,,,,,,,0,0,,,,,""
32, 1,1,0,6.724E-01,,,,,,,,,,,,0,0,,,,,""
33, 1,1,0,6.724E-01,,,,,,,,,,,,0,0,,,,,""
34, 1,1,0,6.724E-01,,,,,,,,,,,,0,0,,,,,""
35, 1,1,0,1.825E+00,,,,,,,,,,,,0,0,,,,,""
36, 1,1,0,1.825E+00,,,,,,,,,,,,0,0,,,,,""
37, 1,1,0,3.917E+00,,,,,,,,,,,,0,0,,,,,""
38, 1,1,0,3.917E+00,,,,,,,,,,,,0,0,,,,,""
39, 1,1,0,3.917E+00,,,,,,,,,,,,0,0,,,,,""
40, 1,1,0,3.917E+00,,,,,,,,,,,,0,0,,,,,""
41, 1,1,0,2.433E+00,,,,,,,,,,,,0,0,,,,,""
42, 1,1,0,2.433E+00,,,,,,,,,,,,0,0,,,,,""
43, 1,1,0,1.959E+00,,,,,,,,,,,,0,0,,,,,""
44, 1,1,0,1.959E+00,,,,,,,,,,,,0,0,,,,,""
45, 1,1,0,4.277E+00,,,,,,,,,,,,0,0,,,,,""
46, 1,1,0,4.277E+00,,,,,,,,,,,,0,0,,,,,""
47, 1,1,0,4.924E+00,,,,,,,,,,,,0,0,,,,,""
48, 1,1,0,4.924E+00,,,,,,,,,,,,0,0,,,,,""
49, 1,1,0,6.724E-01,,,,,,,,,,,,0,0,,,,,""
50, 1,1,0,6.724E-01,,,,,,,,,,,,0,0,,,,,""
51, 1,1,0,6.724E-01,,,,,,,,,,,,0,0,,,,,""
52, 1,1,0,6.724E-01,,,,,,,,,,,,0,0,,,,,""
53, 1,1,0,3.917E+00,,,,,,,,,,,,0,0,,,,,""
54, 1,1,0,3.917E+00,,,,,,,,,,,,0,0,,,,,""
55, 1,1,0,3.917E+00,,,,,,,,,,,,0,0,,,,,""
56, 1,1,0,3.917E+00,,,,,,,,,,,,0,0,,,,,""
57, 1,1,0,3.917E+00,,,,,,,,,,,,0,0,,,,,""
58, 1,1,0,3.917E+00,,,,,,,,,,,,0,0,,,,,""
59, 1,1,0,1.959E+00,,,,,,,,,,,,0,0,,,,,""
60, 1,1,0,1.959E+00,,,,,,,,,,,,0,0,,,,,""
61, 1,1,0,4.277E+00,,,,,,,,,,,,0,0,,,,,""
62, 1,1,0,4.277E+00,,,,,,,,,,,,0,0,,,,,""
63, 1,1,0,4.924E+00,,,,,,,,,,,,0,0,,,,,""
64, 1,1,0,4.924E+00,,,,,,,,,,,,0,0,,,,,""
65, 1,1,0,4.615E+00,,,,,,,,,,,,0,0,,,,,""
66, 1,1,0,4.615E+00,,,,,,,,,,,,0,0,,,,,""
67, 1,1,0,2.944E+00,,,,,,,,,,,,0,0,,,,,""
68, 1,1,0,2.944E+00,,,,,,,,,,,,0,0,,,,,""
69, 1,1,0,2.944E+00,,,,,,,,,,,,0,0,,,,,""
70, 1,1,0,2.944E+00,,,,,,,,,,,,0,0,,,,,""
71, 1,1,0,2.944E+00,,,,,,,,,,,,0,0,,,,,""
72, 1,1,0,2.944E+00,,,,,,,,,,,,0,0,,,,,""
73, 1,1,0,2.057E+00,,,,,,,,,,,,0,0,,,,,""
74, 1,1,0,2.057E+00,,,,,,,,,,,,0,0,,,,,""
75, 1,1,0,3.214E+00,,,,,,,,,,,,0,0,,,,,""
76, 1,1,0,3.214E+00,,,,,,,,,,,,0,0,,,,,""
77, 1,1,0,3.701E+00,,,,,,,,,,,,0,0,,,,,""
78, 1,1,0,3.701E+00,,,,,,,,,,,,0,0,,,,,""
MEM1-SPRING
2,0,0.000E+00
3,0,0.000E+00
4,0,0.000E+00
5,0,0.000E+00
6,0,1.696E+04
7,0,1.349E+04
MEMBER
    1,    1,   47,0,2,2,0,1,1,2,    0,5,1.000E+00,,,,,,,,,,,,,,,,,
    2,    2,   50,0,2,2,0,1,1,1,    0,5,1.000E+00,,,,,,,,,,,,,,,,,
    3,    3,   51,0,2,2,0,1,1,1,    0,5,1.000E+00,,,,,,,,,,,,,,,,,
    4,    5,   53,0,2,2,0,1,1,2,    0,5,1.000E+00,,,,,,,,,,,,,,,,,
    5,    6,   54,0,2,2,0,1,1,1,    0,5,1.000E+00,,,,,,,,,,,,,,,,,
    6,    7,   55,0,2,2,0,1,1,1,    0,5,1.000E+00,,,,,,,,,,,,,,,,,
    7,    8,   56,0,2,2,0,1,1,2,    0,5,1.000E+00,,,,,,,,,,,,,,,,,
    8,   12,   58,0,2,2,0,1,1,2,    0,5,1.000E+00,,,,,,,,,,,,,,,,,
    9,   13,   59,0,2,2,0,1,1,1,    0,5,1.000E+00,,,,,,,,,,,,,,,,,
   10,   16,   61,0,2,2,0,1,1,1,    0,5,1.000E+00,,,,,,,,,,,,,,,,,
   11,   17,   62,0,2,2,0,1,1,1,    0,5,1.000E+00,,,,,,,,,,,,,,,,,
   12,   22,   64,0,2,2,0,1,1,1,    0,5,1.000E+00,,,,,,,,,,,,,,,,,
   13,   23,   65,0,2,2,0,1,1,1,    0,5,1.000E+00,,,,,,,,,,,,,,,,,
   14,   24,   66,0,2,2,0,1,1,1,    0,5,1.000E+00,,,,,,,,,,,,,,,,,
   15,   25,   67,0,2,2,0,1,1,1,    0,5,1.000E+00,,,,,,,,,,,,,,,,,
   16,   26,   69,0,2,2,0,1,1,2,    0,5,1.000E+00,,,,,,,,,,,,,,,,,
   17,   27,   70,0,2,2,0,1,1,1,    0,5,1.000E+00,,,,,,,,,,,,,,,,,
   18,   28,   71,0,2,2,0,1,1,1,    0,5,1.000E+00,,,,,,,,,,,,,,,,,
   19,   29,   72,0,2,2,0,1,1,1,    0,5,1.000E+00,,,,,,,,,,,,,,,,,
   20,   30,   73,0,2,2,0,1,1,1,    0,5,1.000E+00,,,,,,,,,,,,,,,,,
   21,   35,   79,0,2,2,0,1,1,1,    0,5,1.000E+00,,,,,,,,,,,,,,,,,
   22,   36,   80,0,2,2,0,1,1,1,    0,5,1.000E+00,,,,,,,,,,,,,,,,,
   23,   37,   81,0,2,2,0,1,1,1,    0,5,1.000E+00,,,,,,,,,,,,,,,,,
   24,   38,   82,0,2,2,0,1,1,1,    0,5,1.000E+00,,,,,,,,,,,,,,,,,
   25,   39,   83,0,2,2,0,1,1,1,    0,5,1.000E+00,,,,,,,,,,,,,,,,,
   26,   40,   84,0,2,2,0,1,1,2,    0,5,1.000E+00,,,,,,,,,,,,,,,,,
   27,   43,   85,0,2,2,0,1,1,1,    0,5,1.000E+00,,,,,,,,,,,,,,,,,
   28,   47,   89,0,1,1,0,1,1,2,    0,5,1.000E+00,,,,,,,,,,,,,,,,,
   29,   48,   90,0,1,1,0,1,1,2,    0,5,1.000E+00,,,,,,,,,,,,,,,,,
   30,   49,   91,0,1,1,0,1,1,2,    0,5,1.000E+00,,,,,,,,,,,,,,,,,
   31,   50,   92,0,1,1,0,1,1,2,    0,5,1.000E+00,,,,,,,,,,,,,,,,,
   32,   53,   94,0,1,1,0,1,1,2,    0,5,1.000E+00,,,,,,,,,,,,,,,,,
   33,   55,   95,0,1,1,0,1,1,2,    0,5,1.000E+00,,,,,,,,,,,,,,,,,
   34,   57,   96,0,1,1,0,1,1,2,    0,5,1.000E+00,,,,,,,,,,,,,,,,,
   35,   60,   98,0,1,1,0,1,1,2,    0,5,1.000E+00,,,,,,,,,,,,,,,,,
   36,   63,  100,0,1,1,0,1,1,2,    0,5,1.000E+00,,,,,,,,,,,,,,,,,
   37,   66,  103,0,1,1,0,1,1,2,    0,5,1.000E+00,,,,,,,,,,,,,,,,,
   38,   68,  104,0,1,1,0,1,1,2,    0,5,1.000E+00,,,,,,,,,,,,,,,,,
   39,   69,  105,0,1,1,0,1,1,2,    0,5,1.000E+00,,,,,,,,,,,,,,,,,
   40,   73,  110,0,1,1,0,1,1,2,    0,5,1.000E+00,,,,,,,,,,,,,,,,,
   41,   74,  111,0,1,1,0,1,1,2,    0,5,1.000E+00,,,,,,,,,,,,,,,,,
   42,   75,  112,0,1,1,0,1,1,2,    0,5,1.000E+00,,,,,,,,,,,,,,,,,
   43,   78,  115,0,1,1,0,1,1,2,    0,5,1.000E+00,,,,,,,,,,,,,,,,,
   44,   79,  116,0,1,1,0,1,1,2,    0,5,1.000E+00,,,,,,,,,,,,,,,,,
   45,   82,  118,0,1,1,0,1,1,2,    0,5,1.000E+00,,,,,,,,,,,,,,,,,
   46,   83,  119,0,1,1,0,1,1,2,    0,5,1.000E+00,,,,,,,,,,,,,,,,,
   47,   84,  120,0,1,1,0,1,1,2,    0,5,1.000E+00,,,,,,,,,,,,,,,,,
   48,   85,  122,0,1,1,0,1,1,2,    0,5,1.000E+00,,,,,,,,,,,,,,,,,
   49,   89,  125,0,1,1,0,1,1,2,    0,5,1.000E+00,,,,,,,,,,,,,,,,,
   50,   90,  126,0,1,1,0,1,1,2,    0,5,1.000E+00,,,,,,,,,,,,,,,,,
   51,   91,  127,0,1,1,0,1,1,2,    0,5,1.000E+00,,,,,,,,,,,,,,,,,
   52,   92,  128,0,1,1,0,1,1,2,    0,5,1.000E+00,,,,,,,,,,,,,,,,,
   53,   95,  130,0,1,1,0,1,1,2,    0,5,1.000E+00,,,,,,,,,,,,,,,,,
   54,   97,  131,0,1,1,0,1,1,2,    0,5,1.000E+00,,,,,,,,,,,,,,,,,
   55,   99,  132,0,1,1,0,1,1,2,    0,5,1.000E+00,,,,,,,,,,,,,,,,,
   56,  101,  133,0,1,1,0,1,1,2,    0,5,1.000E+00,,,,,,,,,,,,,,,,,
   57,  102,  134,0,1,1,0,1,1,2,    0,5,1.000E+00,,,,,,,,,,,,,,,,,
   58,  103,  135,0,1,1,0,1,1,2,    0,5,1.000E+00,,,,,,,,,,,,,,,,,
   59,  105,  136,0,1,1,0,1,1,2,    0,5,1.000E+00,,,,,,,,,,,,,,,,,
   60,  106,  137,0,1,1,0,1,1,2,    0,5,1.000E+00,,,,,,,,,,,,,,,,,
   61,  108,  139,0,1,1,0,1,1,2,    0,5,1.000E+00,,,,,,,,,,,,,,,,,
   62,  109,  140,0,1,1,0,1,1,2,    0,5,1.000E+00,,,,,,,,,,,,,,,,,
   63,  110,  141,0,1,1,0,1,1,2,    0,5,1.000E+00,,,,,,,,,,,,,,,,,
   64,  112,  142,0,1,1,0,1,1,2,    0,5,1.000E+00,,,,,,,,,,,,,,,,,
   65,  116,  145,0,1,1,0,1,1,2,    0,5,1.000E+00,,,,,,,,,,,,,,,,,
   66,  117,  146,0,1,1,0,1,1,2,    0,5,1.000E+00,,,,,,,,,,,,,,,,,
   67,  118,  147,0,1,1,0,1,1,2,    0,5,1.000E+00,,,,,,,,,,,,,,,,,
   68,  120,  148,0,1,1,0,1,1,2,    0,5,1.000E+00,,,,,,,,,,,,,,,,,
   69,  121,  149,0,1,1,0,1,1,2,    0,5,1.000E+00,,,,,,,,,,,,,,,,,
   70,  122,  150,0,1,1,0,1,1,2,    0,5,1.000E+00,,,,,,,,,,,,,,,,,
   71,   44,   45,0,1,1,0,0,0,5,    0,5,,1.000E+00,,,,,,,,,,,,,,,,
   72,   45,   46,0,0,0,0,1,1,5,    0,5,,1.000E+00,,,,,,,,,,,,,,,,
   73,   47,   48,0,1,1,0,0,0,5,    0,5,,1.000E+00,,,,,,,,,,,,,,,,
   74,   48,   49,0,0,0,0,0,0,5,    0,5,,1.000E+00,,,,,,,,,,,,,,,,
   75,   49,   50,0,0,0,0,1,1,5,    0,5,,1.000E+00,,,,,,,,,,,,,,,,
   76,   50,   51,0,1,1,0,0,0,5,    0,5,,1.000E+00,,,,,,,,,,,,,,,,
   77,   51,   52,0,0,0,0,0,0,5,    0,5,,1.000E+00,,,,,,,,,,,,,,,,
   78,   52,   53,0,0,0,0,0,0,5,    0,5,,1.000E+00,,,,,,,,,,,,,,,,
   79,   53,   54,0,0,0,0,0,0,5,    0,5,,1.000E+00,,,,,,,,,,,,,,,,
   80,   54,   55,0,0,0,0,1,1,5,    0,5,,1.000E+00,,,,,,,,,,,,,,,,
   81,   58,   59,0,1,1,0,1,1,5,    0,5,,1.000E+00,,,,,,,,,,,,,,,,
   82,   66,   67,0,1,1,0,0,0,5,    0,5,,1.000E+00,,,,,,,,,,,,,,,,
   83,   67,   68,0,0,0,0,0,0,5,    0,5,,1.000E+00,,,,,,,,,,,,,,,,
   84,   68,   69,0,0,0,0,0,0,5,    0,5,,1.000E+00,,,,,,,,,,,,,,,,
   85,   69,   70,0,0,0,0,0,0,5,    0,5,,1.000E+00,,,,,,,,,,,,,,,,
   86,   70,   71,0,0,0,0,0,0,5,    0,5,,1.000E+00,,,,,,,,,,,,,,,,
   87,   71,   72,0,0,0,0,0,0,5,    0,5,,1.000E+00,,,,,,,,,,,,,,,,
   88,   72,   73,0,0,0,0,1,1,5,    0,5,,1.000E+00,,,,,,,,,,,,,,,,
   89,   74,   75,0,1,1,0,1,1,5,    0,5,,1.000E+00,,,,,,,,,,,,,,,,
   90,   76,   77,0,1,1,0,1,1,5,    0,5,,1.000E+00,,,,,,,,,,,,,,,,
   91,   82,   83,0,1,1,0,0,0,5,    0,5,,1.000E+00,,,,,,,,,,,,,,,,
   92,   83,   84,0,0,0,0,0,0,5,    0,5,,1.000E+00,,,,,,,,,,,,,,,,
   93,   84,   85,0,0,0,0,1,1,5,    0,5,,1.000E+00,,,,,,,,,,,,,,,,
   94,   47,   58,0,1,1,0,0,0,5,    0,5,-1.000E+00,,,,,,,,,,,,,,,,,
   95,   58,   62,0,0,0,0,0,0,5,    0,5,-1.000E+00,,,,,,,,,,,,,,,,,
   96,   62,   65,0,0,0,0,0,0,5,    0,5,-1.000E+00,,,,,,,,,,,,,,,,,
   97,   65,   66,0,0,0,0,1,1,5,    0,5,-1.000E+00,,,,,,,,,,,,,,,,,
   98,   66,   74,0,1,1,0,0,0,5,    0,5,-1.000E+00,,,,,,,,,,,,,,,,,
   99,   74,   78,0,0,0,0,0,0,5,    0,5,-1.000E+00,,,,,,,,,,,,,,,,,
  100,   78,   82,0,0,0,0,1,1,5,    0,5,-1.000E+00,,,,,,,,,,,,,,,,,
  101,   44,   50,0,1,1,0,0,0,5,    0,5,-1.000E+00,,,,,,,,,,,,,,,,,
  102,   50,   59,0,0,0,0,0,0,5,    0,5,-1.000E+00,,,,,,,,,,,,,,,,,
  103,   59,   61,0,0,0,0,0,0,5,    0,5,-1.000E+00,,,,,,,,,,,,,,,,,
  104,   61,   69,0,0,0,0,1,1,5,    0,5,-1.000E+00,,,,,,,,,,,,,,,,,
  105,   69,   75,0,1,1,0,0,0,5,    0,5,-1.000E+00,,,,,,,,,,,,,,,,,
  106,   75,   76,0,0,0,0,0,0,5,    0,5,-1.000E+00,,,,,,,,,,,,,,,,,
  107,   76,   79,0,0,0,0,0,0,5,    0,5,-1.000E+00,,,,,,,,,,,,,,,,,
  108,   79,   81,0,0,0,0,0,0,5,    0,5,-1.000E+00,,,,,,,,,,,,,,,,,
  109,   81,   84,0,0,0,0,1,1,5,    0,5,-1.000E+00,,,,,,,,,,,,,,,,,
  110,   45,   52,0,1,1,0,1,1,6,    0,5,-1.000E+00,,,,,,,,,,,,,,,,,
  111,   52,   71,0,1,1,0,1,1,5,    0,5,-1.000E+00,,,,,,,,,,,,,,,,,
  112,   46,   55,0,1,1,0,0,0,5,    0,5,-1.000E+00,,,,,,,,,,,,,,,,,
  113,   55,   56,0,0,0,0,0,0,5,    0,5,-1.000E+00,,,,,,,,,,,,,,,,,
  114,   56,   57,0,0,0,0,0,0,5,    0,5,-1.000E+00,,,,,,,,,,,,,,,,,
  115,   57,   60,0,0,0,0,0,0,5,    0,5,-1.000E+00,,,,,,,,,,,,,,,,,
  116,   60,   63,0,0,0,0,0,0,5,    0,5,-1.000E+00,,,,,,,,,,,,,,,,,
  117,   63,   64,0,0,0,0,0,0,5,    0,5,-1.000E+00,,,,,,,,,,,,,,,,,
  118,   64,   73,0,0,0,0,1,1,5,    0,5,-1.000E+00,,,,,,,,,,,,,,,,,
  119,   73,   77,0,1,1,0,0,0,5,    0,5,-1.000E+00,,,,,,,,,,,,,,,,,
  120,   77,   80,0,0,0,0,0,0,5,    0,5,-1.000E+00,,,,,,,,,,,,,,,,,
  121,   80,   85,0,0,0,0,1,1,5,    0,5,-1.000E+00,,,,,,,,,,,,,,,,,
  122,   86,   87,0,1,1,0,0,0,5,    0,5,,1.000E+00,,,,,,,,,,,,,,,,
  123,   87,   88,0,0,0,0,1,1,5,    0,5,,1.000E+00,,,,,,,,,,,,,,,,
  124,   89,   90,0,1,1,0,0,0,5,    0,5,,1.000E+00,,,,,,,,,,,,,,,,
  125,   90,   91,0,0,0,0,0,0,5,    0,5,,1.000E+00,,,,,,,,,,,,,,,,
  126,   91,   92,0,0,0,0,1,1,5,    0,5,,1.000E+00,,,,,,,,,,,,,,,,
  127,   92,   93,0,1,1,0,0,0,5,    0,5,,1.000E+00,,,,,,,,,,,,,,,,
  128,   93,   94,0,0,0,0,0,0,5,    0,5,,1.000E+00,,,,,,,,,,,,,,,,
  129,   94,   95,0,0,0,0,1,1,5,    0,5,,1.000E+00,,,,,,,,,,,,,,,,
  130,  103,  104,0,1,1,0,0,0,5,    0,5,,1.000E+00,,,,,,,,,,,,,,,,
  131,  104,  105,0,0,0,0,0,0,5,    0,5,,1.000E+00,,,,,,,,,,,,,,,,
  132,  105,  106,0,0,0,0,0,0,5,    0,5,,1.000E+00,,,,,,,,,,,,,,,,
  133,  106,  107,0,0,0,0,0,0,5,    0,5,,1.000E+00,,,,,,,,,,,,,,,,
  134,  107,  108,0,0,0,0,0,0,5,    0,5,,1.000E+00,,,,,,,,,,,,,,,,
  135,  108,  109,0,0,0,0,0,0,5,    0,5,,1.000E+00,,,,,,,,,,,,,,,,
  136,  109,  110,0,0,0,0,1,1,5,    0,5,,1.000E+00,,,,,,,,,,,,,,,,
  137,  111,  112,0,1,1,0,1,1,5,    0,5,,1.000E+00,,,,,,,,,,,,,,,,
  138,  113,  114,0,1,1,0,1,1,5,    0,5,,1.000E+00,,,,,,,,,,,,,,,,
  139,  118,  119,0,1,1,0,0,0,5,    0,5,,1.000E+00,,,,,,,,,,,,,,,,
  140,  119,  120,0,0,0,0,0,0,5,    0,5,,1.000E+00,,,,,,,,,,,,,,,,
  141,  120,  121,0,0,0,0,0,0,5,    0,5,,1.000E+00,,,,,,,,,,,,,,,,
  142,  121,  122,0,0,0,0,1,1,5,    0,5,,1.000E+00,,,,,,,,,,,,,,,,
  143,   89,   97,0,1,1,0,0,0,5,    0,5,-1.000E+00,,,,,,,,,,,,,,,,,
  144,   97,   99,0,0,0,0,0,0,5,    0,5,-1.000E+00,,,,,,,,,,,,,,,,,
  145,   99,  103,0,0,0,0,1,1,5,    0,5,-1.000E+00,,,,,,,,,,,,,,,,,
  146,  103,  111,0,1,1,0,0,0,5,    0,5,-1.000E+00,,,,,,,,,,,,,,,,,
  147,  111,  115,0,0,0,0,0,0,5,    0,5,-1.000E+00,,,,,,,,,,,,,,,,,
  148,  115,  118,0,0,0,0,1,1,5,    0,5,-1.000E+00,,,,,,,,,,,,,,,,,
  149,   86,   92,0,1,1,0,0,0,5,    0,5,-1.000E+00,,,,,,,,,,,,,,,,,
  150,   92,  102,0,0,0,0,0,0,5,    0,5,-1.000E+00,,,,,,,,,,,,,,,,,
  151,  102,  105,0,0,0,0,1,1,5,    0,5,-1.000E+00,,,,,,,,,,,,,,,,,
  152,  105,  112,0,1,1,0,0,0,5,    0,5,-1.000E+00,,,,,,,,,,,,,,,,,
  153,  112,  113,0,0,0,0,0,0,5,    0,5,-1.000E+00,,,,,,,,,,,,,,,,,
  154,  113,  116,0,0,0,0,0,0,5,    0,5,-1.000E+00,,,,,,,,,,,,,,,,,
  155,  116,  120,0,0,0,0,1,1,5,    0,5,-1.000E+00,,,,,,,,,,,,,,,,,
  156,   87,   93,0,1,1,0,1,1,6,    0,5,-1.000E+00,,,,,,,,,,,,,,,,,
  157,   93,  107,0,1,1,0,1,1,5,    0,5,-1.000E+00,,,,,,,,,,,,,,,,,
  158,   88,   95,0,1,1,0,0,0,5,    0,5,-1.000E+00,,,,,,,,,,,,,,,,,
  159,   95,   96,0,0,0,0,0,0,5,    0,5,-1.000E+00,,,,,,,,,,,,,,,,,
  160,   96,   98,0,0,0,0,0,0,5,    0,5,-1.000E+00,,,,,,,,,,,,,,,,,
  161,   98,  100,0,0,0,0,0,0,5,    0,5,-1.000E+00,,,,,,,,,,,,,,,,,
  162,  100,  101,0,0,0,0,0,0,5,    0,5,-1.000E+00,,,,,,,,,,,,,,,,,
  163,  101,  110,0,0,0,0,1,1,5,    0,5,-1.000E+00,,,,,,,,,,,,,,,,,
  164,  110,  114,0,1,1,0,0,0,5,    0,5,-1.000E+00,,,,,,,,,,,,,,,,,
  165,  114,  117,0,0,0,0,0,0,5,    0,5,-1.000E+00,,,,,,,,,,,,,,,,,
  166,  117,  122,0,0,0,0,1,1,5,    0,5,-1.000E+00,,,,,,,,,,,,,,,,,
  167,  123,  124,0,1,1,0,1,1,5,    0,5,,1.000E+00,,,,,,,,,,,,,,,,
  168,  125,  126,0,1,1,0,0,0,5,    0,5,,1.000E+00,,,,,,,,,,,,,,,,
  169,  126,  127,0,0,0,0,0,0,5,    0,5,,1.000E+00,,,,,,,,,,,,,,,,
  170,  127,  128,0,0,0,0,1,1,5,    0,5,,1.000E+00,,,,,,,,,,,,,,,,
  171,  128,  129,0,1,1,0,0,0,5,    0,5,,1.000E+00,,,,,,,,,,,,,,,,
  172,  129,  130,0,0,0,0,1,1,5,    0,5,,1.000E+00,,,,,,,,,,,,,,,,
  173,  135,  136,0,1,1,0,0,0,5,    0,5,,1.000E+00,,,,,,,,,,,,,,,,
  174,  136,  137,0,0,0,0,0,0,5,    0,5,,1.000E+00,,,,,,,,,,,,,,,,
  175,  137,  138,0,0,0,0,0,0,5,    0,5,,1.000E+00,,,,,,,,,,,,,,,,
  176,  138,  139,0,0,0,0,0,0,5,    0,5,,1.000E+00,,,,,,,,,,,,,,,,
  177,  139,  140,0,0,0,0,0,0,5,    0,5,,1.000E+00,,,,,,,,,,,,,,,,
  178,  140,  141,0,0,0,0,1,1,5,    0,5,,1.000E+00,,,,,,,,,,,,,,,,
  179,  143,  144,0,1,1,0,1,1,5,    0,5,,1.000E+00,,,,,,,,,,,,,,,,
  180,  147,  148,0,1,1,0,0,0,5,    0,5,,1.000E+00,,,,,,,,,,,,,,,,
  181,  148,  149,0,0,0,0,0,0,5,    0,5,,1.000E+00,,,,,,,,,,,,,,,,
  182,  149,  150,0,0,0,0,1,1,5,    0,5,,1.000E+00,,,,,,,,,,,,,,,,
  183,  125,  131,0,1,1,0,0,0,5,    0,5,-1.000E+00,,,,,,,,,,,,,,,,,
  184,  131,  132,0,0,0,0,0,0,5,    0,5,-1.000E+00,,,,,,,,,,,,,,,,,
  185,  132,  135,0,0,0,0,1,1,5,    0,5,-1.000E+00,,,,,,,,,,,,,,,,,
  186,  135,  147,0,1,1,0,1,1,5,    0,5,-1.000E+00,,,,,,,,,,,,,,,,,
  187,  123,  128,0,1,1,0,0,0,5,    0,5,-1.000E+00,,,,,,,,,,,,,,,,,
  188,  128,  134,0,0,0,0,0,0,5,    0,5,-1.000E+00,,,,,,,,,,,,,,,,,
  189,  134,  136,0,0,0,0,1,1,5,    0,5,-1.000E+00,,,,,,,,,,,,,,,,,
  190,  136,  142,0,1,1,0,0,0,5,    0,5,-1.000E+00,,,,,,,,,,,,,,,,,
  191,  142,  143,0,0,0,0,0,0,5,    0,5,-1.000E+00,,,,,,,,,,,,,,,,,
  192,  143,  145,0,0,0,0,0,0,5,    0,5,-1.000E+00,,,,,,,,,,,,,,,,,
  193,  145,  148,0,0,0,0,1,1,5,    0,5,-1.000E+00,,,,,,,,,,,,,,,,,
  194,  129,  138,0,1,1,0,1,1,5,    0,5,-1.000E+00,,,,,,,,,,,,,,,,,
  195,  124,  130,0,1,1,0,0,0,5,    0,5,-1.000E+00,,,,,,,,,,,,,,,,,
  196,  130,  133,0,0,0,0,0,0,5,    0,5,-1.000E+00,,,,,,,,,,,,,,,,,
  197,  133,  141,0,0,0,0,1,1,5,    0,5,-1.000E+00,,,,,,,,,,,,,,,,,
  198,  141,  144,0,1,1,0,0,0,5,    0,5,-1.000E+00,,,,,,,,,,,,,,,,,
  199,  144,  146,0,0,0,0,0,0,5,    0,5,-1.000E+00,,,,,,,,,,,,,,,,,
  200,  146,  150,0,0,0,0,1,1,5,    0,5,-1.000E+00,,,,,,,,,,,,,,,,,
  201,   44,   52,0,1,1,0,1,1,31,    0,5,-4.500E-01,8.900E-01,,,,,,,,,,,,,,,,
  202,   50,   45,0,1,1,0,1,1,32,    0,5,4.500E-01,8.900E-01,,,,,,,,,,,,,,,,
  203,   45,   55,0,1,1,0,1,1,33,    0,5,-4.500E-01,8.900E-01,,,,,,,,,,,,,,,,
  204,   52,   46,0,1,1,0,1,1,34,    0,5,4.500E-01,8.900E-01,,,,,,,,,,,,,,,,
  205,   47,   59,0,1,1,0,1,1,35,    0,5,-5.500E-01,8.300E-01,,,,,,,,,,,,,,,,
  206,   58,   50,0,1,1,0,1,1,36,    0,5,5.500E-01,8.300E-01,,,,,,,,,,,,,,,,
  207,   50,   71,0,1,1,0,1,1,37,    0,5,-8.900E-01,4.500E-01,,,,,,,,,,,,,,,,
  208,   69,   52,0,1,1,0,1,1,38,    0,5,8.900E-01,4.500E-01,,,,,,,,,,,,,,,,
  209,   52,   73,0,1,1,0,1,1,39,    0,5,-8.900E-01,4.500E-01,,,,,,,,,,,,,,,,
  210,   71,   55,0,1,1,0,1,1,40,    0,5,8.900E-01,4.500E-01,,,,,,,,,,,,,,,,
  211,   58,   69,0,1,1,0,1,1,41,    0,5,-8.000E-01,6.000E-01,,,,,,,,,,,,,,,,
  212,   66,   59,0,1,1,0,1,1,42,    0,5,8.000E-01,6.000E-01,,,,,,,,,,,,,,,,
  213,   66,   75,0,1,1,0,1,1,43,    0,5,-4.500E-01,8.900E-01,,,,,,,,,,,,,,,,
  214,   74,   69,0,1,1,0,1,1,44,    0,5,4.500E-01,8.900E-01,,,,,,,,,,,,,,,,
  215,   69,   77,0,1,1,0,1,1,45,    0,5,-3.800E-01,9.200E-01,,,,,,,,,,,,,,,,
  216,   76,   73,0,1,1,0,1,1,46,    0,5,3.800E-01,9.200E-01,,,,,,,,,,,,,,,,
  217,   76,   85,0,1,1,0,1,1,47,    0,5,-3.200E-01,9.500E-01,,,,,,,,,,,,,,,,
  218,   84,   77,0,1,1,0,1,1,48,    0,5,3.200E-01,9.500E-01,,,,,,,,,,,,,,,,
  219,   86,   93,0,1,1,0,1,1,49,    0,5,-4.500E-01,8.900E-01,,,,,,,,,,,,,,,,
  220,   92,   87,0,1,1,0,1,1,50,    0,5,4.500E-01,8.900E-01,,,,,,,,,,,,,,,,
  221,   87,   95,0,1,1,0,1,1,51,    0,5,-4.500E-01,8.900E-01,,,,,,,,,,,,,,,,
  222,   93,   88,0,1,1,0,1,1,52,    0,5,4.500E-01,8.900E-01,,,,,,,,,,,,,,,,
  223,   89,  105,0,1,1,0,1,1,53,    0,5,-8.900E-01,4.500E-01,,,,,,,,,,,,,,,,
  224,  103,   92,0,1,1,0,1,1,54,    0,5,8.900E-01,4.500E-01,,,,,,,,,,,,,,,,
  225,   92,  107,0,1,1,0,1,1,55,    0,5,-8.900E-01,4.500E-01,,,,,,,,,,,,,,,,
  226,  105,   93,0,1,1,0,1,1,56,    0,5,8.900E-01,4.500E-01,,,,,,,,,,,,,,,,
  227,   93,  110,0,1,1,0,1,1,57,    0,5,-8.900E-01,4.500E-01,,,,,,,,,,,,,,,,
  228,  107,   95,0,1,1,0,1,1,58,    0,5,8.900E-01,4.500E-01,,,,,,,,,,,,,,,,
  229,  103,  112,0,1,1,0,1,1,59,    0,5,-4.500E-01,8.900E-01,,,,,,,,,,,,,,,,
  230,  111,  105,0,1,1,0,1,1,60,    0,5,4.500E-01,8.900E-01,,,,,,,,,,,,,,,,
  231,  105,  114,0,1,1,0,1,1,61,    0,5,-3.800E-01,9.200E-01,,,,,,,,,,,,,,,,
  232,  113,  110,0,1,1,0,1,1,62,    0,5,3.800E-01,9.200E-01,,,,,,,,,,,,,,,,
  233,  113,  122,0,1,1,0,1,1,63,    0,5,-3.200E-01,9.500E-01,,,,,,,,,,,,,,,,
  234,  120,  114,0,1,1,0,1,1,64,    0,5,3.200E-01,9.500E-01,,,,,,,,,,,,,,,,
  235,  123,  130,0,1,1,0,1,1,65,    0,5,-2.400E-01,9.700E-01,,,,,,,,,,,,,,,,
  236,  128,  124,0,1,1,0,1,1,66,    0,5,2.400E-01,9.700E-01,,,,,,,,,,,,,,,,
  237,  125,  136,0,1,1,0,1,1,67,    0,5,-8.900E-01,4.500E-01,,,,,,,,,,,,,,,,
  238,  135,  128,0,1,1,0,1,1,68,    0,5,8.900E-01,4.500E-01,,,,,,,,,,,,,,,,
  239,  128,  138,0,1,1,0,1,1,69,    0,5,-8.900E-01,4.500E-01,,,,,,,,,,,,,,,,
  240,  136,  129,0,1,1,0,1,1,70,    0,5,8.900E-01,4.500E-01,,,,,,,,,,,,,,,,
  241,  129,  141,0,1,1,0,1,1,71,    0,5,-8.900E-01,4.500E-01,,,,,,,,,,,,,,,,
  242,  138,  130,0,1,1,0,1,1,72,    0,5,8.900E-01,4.500E-01,,,,,,,,,,,,,,,,
  243,  135,  148,0,1,1,0,1,1,73,    0,5,-8.300E-01,5.500E-01,,,,,,,,,,,,,,,,
  244,  147,  136,0,1,1,0,1,1,74,    0,5,8.300E-01,5.500E-01,,,,,,,,,,,,,,,,
  245,  136,  144,0,1,1,0,1,1,75,    0,5,-3.800E-01,9.200E-01,,,,,,,,,,,,,,,,
  246,  143,  141,0,1,1,0,1,1,76,    0,5,3.800E-01,9.200E-01,,,,,,,,,,,,,,,,
  247,  143,  150,0,1,1,0,1,1,77,    0,5,-3.200E-01,9.500E-01,,,,,,,,,,,,,,,,
  248,  148,  144,0,1,1,0,1,1,78,    0,5,3.200E-01,9.500E-01,,,,,,,,,,,,,,,,
WALL
    1,   17,   23,   62,   65, 1,2,100000.00,.00,1.48E+03,
    2,   13,   16,   59,   61, 1,2,100000.00,.00,1.48E+03,
    3,   35,   37,   79,   81, 1,2,100000.00,.00,8.91E+02,
    4,   22,   30,   64,   73, 1,2,100000.00,.00,1.48E+03,
    5,   36,   43,   80,   85, 1,2,100000.00,.00,1.48E+03,
    6,    2,    3,   50,   51, 1,2,100000.00,.00,1.48E+03,
    7,    6,    7,   54,   55, 1,2,100000.00,.00,8.91E+02,
    8,   29,   30,   72,   73, 1,2,100000.00,.00,1.48E+03,
    9,   24,   25,   66,   67, 1,2,100000.00,.00,8.91E+02,
   10,   27,   28,   70,   71, 1,2,100000.00,.00,1.48E+03,
   11,   38,   39,   82,   83, 1,2,100000.00,.00,1.48E+03,
   12,   74,   78,  111,  115, 1,2,100000.00,.00,1.70E+03,
   13,   79,   84,  116,  120, 1,2,100000.00,.00,1.70E+03,
   14,   75,   79,  112,  116, 1,2,100000.00,.00,1.70E+03,
   15,   60,   63,   98,  100, 1,2,100000.00,.00,1.70E+03,
   16,   55,   57,   95,   96, 1,2,100000.00,.00,1.70E+03,
   17,   47,   48,   89,   90, 1,2,100000.00,.00,1.02E+03,
   18,   53,   55,   94,   95, 1,2,100000.00,.00,1.70E+03,
   19,   68,   69,  104,  105, 1,2,100000.00,.00,1.70E+03,
   20,   66,   68,  103,  104, 1,2,100000.00,.00,1.70E+03,
   21,   83,   84,  119,  120, 1,2,100000.00,.00,1.70E+03,
   22,   49,   50,   91,   92, 1,2,100000.00,.00,1.02E+03,
   23,  102,  105,  134,  136, 1,2,100000.00,.00,1.02E+03,
   24,  112,  116,  142,  145, 1,2,100000.00,.00,1.70E+03,
   25,  101,  110,  133,  141, 1,2,100000.00,.00,1.70E+03,
   26,   91,   92,  127,  128, 1,2,100000.00,.00,1.02E+03,
   27,  105,  106,  136,  137, 1,2,100000.00,.00,1.70E+03,
   28,  108,  109,  139,  140, 1,2,100000.00,.00,1.02E+03,
   29,  120,  121,  148,  149, 1,2,100000.00,.00,1.70E+03,
   30,   89,   90,  125,  126, 1,2,100000.00,.00,1.02E+03,
   31,  117,  122,  146,  150, 1,2,100000.00,.00,1.02E+03,
   32,   97,   99,  131,  132, 1,2,100000.00,.00,1.70E+03,
AI-LOAD
0,0,1.0,2,0.2,0.0,  0
LOAD-DEFINITION
 1,0,0,0,"",0
F-CMQ
   71,4.095E+01,,-2.730E+01,,,,8.951E-01,2.730E+01,,,,8.951E-01
   72,4.095E+01,,-2.730E+01,,,,8.951E-01,2.730E+01,,,,8.951E-01
   73,1.947E+01,,-1.298E+01,,,,1.277E+00,1.298E+01,,,,1.277E+00
   74,1.947E+01,,-1.298E+01,,,,1.277E+00,1.298E+01,,,,1.277E+00
   75,1.947E+01,,-1.298E+01,,,,1.277E+00,1.298E+01,,,,1.277E+00
   76,2.289E+01,,-1.526E+01,,,,1.001E+00,1.526E+01,,,,1.001E+00
   77,2.289E+01,,-1.526E+01,,,,1.001E+00,1.526E+01,,,,1.001E+00
   78,2.289E+01,,-1.526E+01,,,,1.001E+00,1.526E+01,,,,1.001E+00
   79,2.543E+00,,-1.696E+00,,,,3.336E-01,1.696E+00,,,,3.336E-01
   80,1.017E+01,,-6.782E+00,,,,6.671E-01,6.782E+00,,,,6.671E-01
   81,8.279E+01,,-5.520E+01,,,,1.810E+00,5.520E+01,,,,1.810E+00
   82,7.107E+00,,-4.738E+00,,,,4.660E-01,4.738E+00,,,,4.660E-01
   83,1.777E+00,,-1.184E+00,,,,2.330E-01,1.184E+00,,,,2.330E-01
   84,1.599E+01,,-1.066E+01,,,,6.990E-01,1.066E+01,,,,6.990E-01
   85,2.541E+01,,-1.694E+01,,,,1.111E+00,1.694E+01,,,,1.111E+00
   86,2.541E+01,,-1.694E+01,,,,1.111E+00,1.694E+01,,,,1.111E+00
   87,2.541E+01,,-1.694E+01,,,,1.111E+00,1.694E+01,,,,1.111E+00
   88,2.541E+01,,-1.694E+01,,,,1.111E+00,1.694E+01,,,,1.111E+00
   89,1.783E+02,,-1.284E+02,,,,3.898E+00,1.284E+02,,,,3.898E+00
   90,7.078E+02,,-4.719E+02,,,,7.736E+00,4.719E+02,,,,7.736E+00
   91,2.289E+01,,-1.526E+01,,,,1.001E+00,1.526E+01,,,,1.001E+00
   92,2.289E+01,,-1.526E+01,,,,1.001E+00,1.526E+01,,,,1.001E+00
   93,6.676E+02,,-4.450E+02,,,,7.296E+00,4.450E+02,,,,7.296E+00
   94,4.442E+01,,-2.961E+01,,,,1.456E+00,2.961E+01,,,,1.456E+00
   95,9.091E+01,,-6.061E+01,,,,2.981E+00,6.061E+01,,,,2.981E+00
   96,5.114E+01,,-3.409E+01,,,,2.236E+00,3.409E+01,,,,2.236E+00
   97,5.682E+00,,-3.788E+00,,,,7.452E-01,3.788E+00,,,,7.452E-01
   98,2.289E+01,,-1.526E+01,,,,1.001E+00,1.526E+01,,,,1.001E+00
   99,2.289E+01,,-1.526E+01,,,,1.001E+00,1.526E+01,,,,1.001E+00
  100,2.289E+01,,-1.526E+01,,,,1.001E+00,1.526E+01,,,,1.001E+00
  101,4.327E+01,,-2.885E+01,,,,1.892E+00,2.885E+01,,,,1.892E+00
  102,5.354E+01,,-3.569E+01,,,,1.755E+00,3.569E+01,,,,1.755E+00
  103,5.836E+01,,-3.891E+01,,,,2.551E+00,3.891E+01,,,,2.551E+00
  104,1.621E+02,,-1.081E+02,,,,4.252E+00,1.081E+02,,,,4.252E+00
  105,1.866E+00,,-1.244E+00,,,,8.157E-02,1.244E+00,,,,8.157E-02
  106,8.293E-01,,-5.529E-01,,,,5.438E-02,5.529E-01,,,,5.438E-02
  107,2.073E-01,,-1.382E-01,,,,2.719E-02,1.382E-01,,,,2.719E-02
  108,8.293E-01,,-5.529E-01,,,,5.438E-02,5.529E-01,,,,5.438E-02
  109,2.073E-01,,-1.382E-01,,,,2.719E-02,1.382E-01,,,,2.719E-02
  110,6.766E+01,,-4.511E+01,,,,2.958E+00,4.511E+01,,,,2.958E+00
  111,9.338E+02,,-6.225E+02,,,,1.021E+01,6.225E+02,,,,1.021E+01
  112,4.327E+01,,-2.885E+01,,,,1.892E+00,2.885E+01,,,,1.892E+00
  113,5.682E+00,,-3.788E+00,,,,7.452E-01,3.788E+00,,,,7.452E-01
  114,2.273E+01,,-1.515E+01,,,,1.490E+00,1.515E+01,,,,1.490E+00
  115,2.273E+01,,-1.515E+01,,,,1.490E+00,1.515E+01,,,,1.490E+00
  116,5.114E+01,,-3.409E+01,,,,2.236E+00,3.409E+01,,,,2.236E+00
  117,5.682E+00,,-3.788E+00,,,,7.452E-01,3.788E+00,,,,7.452E-01
  118,5.114E+01,,-3.409E+01,,,,2.236E+00,3.409E+01,,,,2.236E+00
  119,6.359E+01,,-4.239E+01,,,,1.668E+00,4.239E+01,,,,1.668E+00
  120,2.543E+00,,-1.696E+00,,,,3.336E-01,1.696E+00,,,,3.336E-01
  121,2.289E+01,,-1.526E+01,,,,1.001E+00,1.526E+01,,,,1.001E+00
  122,4.095E+01,,-2.730E+01,,,,8.951E-01,2.730E+01,,,,8.951E-01
  123,4.095E+01,,-2.730E+01,,,,8.951E-01,2.730E+01,,,,8.951E-01
  124,1.017E+01,,-6.782E+00,,,,6.671E-01,6.782E+00,,,,6.671E-01
  125,1.017E+01,,-6.782E+00,,,,6.671E-01,6.782E+00,,,,6.671E-01
  126,1.017E+01,,-6.782E+00,,,,6.671E-01,6.782E+00,,,,6.671E-01
  127,9.156E+01,,-6.104E+01,,,,2.001E+00,6.104E+01,,,,2.001E+00
  128,2.289E+01,,-1.526E+01,,,,1.001E+00,1.526E+01,,,,1.001E+00
  129,2.289E+01,,-1.526E+01,,,,1.001E+00,1.526E+01,,,,1.001E+00
  130,1.599E+01,,-1.066E+01,,,,6.990E-01,1.066E+01,,,,6.990E-01
  131,1.599E+01,,-1.066E+01,,,,6.990E-01,1.066E+01,,,,6.990E-01
  132,2.541E+01,,-1.694E+01,,,,1.111E+00,1.694E+01,,,,1.111E+00
  133,2.541E+01,,-1.694E+01,,,,1.111E+00,1.694E+01,,,,1.111E+00
  134,2.541E+01,,-1.694E+01,,,,1.111E+00,1.694E+01,,,,1.111E+00
  135,1.129E+01,,-7.528E+00,,,,7.404E-01,7.528E+00,,,,7.404E-01
  136,2.823E+00,,-1.882E+00,,,,3.702E-01,1.882E+00,,,,3.702E-01
  137,1.211E+02,,-6.409E+01,,,,1.789E+00,1.070E+02,,,,3.507E+00
  138,7.078E+02,,-4.719E+02,,,,7.736E+00,4.719E+02,,,,7.736E+00
  139,2.289E+01,,-1.526E+01,,,,1.001E+00,1.526E+01,,,,1.001E+00
  140,2.289E+01,,-1.526E+01,,,,1.001E+00,1.526E+01,,,,1.001E+00
  141,4.172E+01,,-2.782E+01,,,,1.824E+00,2.782E+01,,,,1.824E+00
  142,3.755E+02,,-2.503E+02,,,,5.472E+00,2.503E+02,,,,5.472E+00
  143,1.421E+02,,-9.470E+01,,,,3.726E+00,9.470E+01,,,,3.726E+00
  144,5.114E+01,,-3.409E+01,,,,2.236E+00,3.409E+01,,,,2.236E+00
  145,9.091E+01,,-6.061E+01,,,,2.981E+00,6.061E+01,,,,2.981E+00
  146,2.289E+01,,-1.526E+01,,,,1.001E+00,1.526E+01,,,,1.001E+00
  147,2.289E+01,,-1.526E+01,,,,1.001E+00,1.526E+01,,,,1.001E+00
  148,2.289E+01,,-1.526E+01,,,,1.001E+00,1.526E+01,,,,1.001E+00
  149,4.327E+01,,-2.885E+01,,,,1.892E+00,2.885E+01,,,,1.892E+00
  150,6.485E+02,,-4.323E+02,,,,8.505E+00,4.323E+02,,,,8.505E+00
  151,2.594E+01,,-1.729E+01,,,,1.701E+00,1.729E+01,,,,1.701E+00
  152,1.866E+00,,-1.244E+00,,,,8.157E-02,1.244E+00,,,,8.157E-02
  153,8.293E-01,,-5.529E-01,,,,5.438E-02,5.529E-01,,,,5.438E-02
  154,2.073E-01,,-1.382E-01,,,,2.719E-02,1.382E-01,,,,2.719E-02
  155,1.866E+00,,-1.244E+00,,,,8.157E-02,1.244E+00,,,,8.157E-02
  156,6.766E+01,,-4.511E+01,,,,2.958E+00,4.511E+01,,,,2.958E+00
  157,9.338E+02,,-6.225E+02,,,,1.021E+01,6.225E+02,,,,1.021E+01
  158,4.327E+01,,-2.885E+01,,,,1.892E+00,2.885E+01,,,,1.892E+00
  159,5.114E+01,,-3.409E+01,,,,2.236E+00,3.409E+01,,,,2.236E+00
  160,2.273E+01,,-1.515E+01,,,,1.490E+00,1.515E+01,,,,1.490E+00
  161,5.114E+01,,-3.409E+01,,,,2.236E+00,3.409E+01,,,,2.236E+00
  162,5.682E+00,,-3.788E+00,,,,7.452E-01,3.788E+00,,,,7.452E-01
  163,5.114E+01,,-3.409E+01,,,,2.236E+00,3.409E+01,,,,2.236E+00
  164,6.359E+01,,-4.239E+01,,,,1.668E+00,4.239E+01,,,,1.668E+00
  165,1.017E+01,,-6.782E+00,,,,6.671E-01,6.782E+00,,,,6.671E-01
  166,1.017E+01,,-6.782E+00,,,,6.671E-01,6.782E+00,,,,6.671E-01
  167,1.856E+02,,-1.238E+02,,,,2.029E+00,1.238E+02,,,,2.029E+00
  168,1.992E+00,,-1.328E+00,,,,1.306E-01,1.328E+00,,,,1.306E-01
  169,1.992E+00,,-1.328E+00,,,,1.306E-01,1.328E+00,,,,1.306E-01
  170,1.992E+00,,-1.328E+00,,,,1.306E-01,1.328E+00,,,,1.306E-01
  171,2.757E+01,,-1.838E+01,,,,6.027E-01,1.838E+01,,,,6.027E-01
  172,2.757E+01,,-1.838E+01,,,,6.027E-01,1.838E+01,,,,6.027E-01
  173,7.464E+00,,-4.976E+00,,,,1.631E-01,4.976E+00,,,,1.631E-01
  174,1.024E+01,,-6.830E+00,,,,4.479E-01,6.830E+00,,,,4.479E-01
  175,1.024E+01,,-6.830E+00,,,,4.479E-01,6.830E+00,,,,4.479E-01
  176,1.024E+01,,-6.830E+00,,,,4.479E-01,6.830E+00,,,,4.479E-01
  177,4.553E+00,,-3.035E+00,,,,2.986E-01,3.035E+00,,,,2.986E-01
  178,1.138E+00,,-7.589E-01,,,,1.493E-01,7.589E-01,,,,1.493E-01
  179,2.712E+02,,-1.808E+02,,,,2.964E+00,1.808E+02,,,,2.964E+00
  180,1.793E+01,,-1.195E+01,,,,3.919E-01,1.195E+01,,,,3.919E-01
  181,1.119E+01,,-7.457E+00,,,,4.890E-01,7.457E+00,,,,4.890E-01
  182,1.007E+02,,-6.711E+01,,,,1.467E+00,6.711E+01,,,,1.467E+00
  183,4.038E+01,,-2.692E+01,,,,1.059E+00,2.692E+01,,,,1.059E+00
  184,1.454E+01,,-9.691E+00,,,,6.355E-01,9.691E+00,,,,6.355E-01
  185,2.584E+01,,-1.723E+01,,,,8.473E-01,1.723E+01,,,,8.473E-01
  186,1.308E+02,,-8.722E+01,,,,1.906E+00,8.722E+01,,,,1.906E+00
  187,6.575E+00,,-4.384E+00,,,,2.874E-01,4.384E+00,,,,2.874E-01
  188,2.442E+02,,-1.628E+02,,,,3.202E+00,1.628E+02,,,,3.202E+00
  189,9.767E+00,,-6.511E+00,,,,6.404E-01,6.511E+00,,,,6.404E-01
  190,1.192E+01,,-7.947E+00,,,,5.211E-01,7.947E+00,,,,5.211E-01
  191,5.298E+00,,-3.532E+00,,,,3.474E-01,3.532E+00,,,,3.474E-01
  192,1.325E+00,,-8.830E-01,,,,1.737E-01,8.830E-01,,,,1.737E-01
  193,1.192E+01,,-7.947E+00,,,,5.211E-01,7.947E+00,,,,5.211E-01
  194,3.516E+02,,-2.344E+02,,,,3.843E+00,2.344E+02,,,,3.843E+00
  195,6.575E+00,,-4.384E+00,,,,2.874E-01,4.384E+00,,,,2.874E-01
  196,1.308E+02,,-8.722E+01,,,,1.906E+00,8.722E+01,,,,1.906E+00
  197,1.454E+01,,-9.691E+00,,,,6.355E-01,9.691E+00,,,,6.355E-01
  198,1.245E+01,,-8.301E+00,,,,3.266E-01,8.301E+00,,,,3.266E-01
  199,1.992E+00,,-1.328E+00,,,,1.306E-01,1.328E+00,,,,1.306E-01
  200,1.992E+00,,-1.328E+00,,,,1.306E-01,1.328E+00,,,,1.306E-01
LOAD-DEFINITION
 2,0,0,0,"",0
F-NODE
   44,,3.431E-01,,,,
   45,,5.666E-01,,,,
   46,,3.431E-01,,,,
   47,,2.440E-01,,,,
   48,,2.435E-01,,,,
   49,,2.435E-01,,,,
   50,,7.599E-01,,,,
   51,,2.842E-01,,,,
   52,,1.730E+00,,,,
   53,,1.895E-01,,,,
   54,,1.421E-01,,,,
   55,,4.010E-01,,,,
   56,,2.786E-01,,,,
   57,,3.714E-01,,,,
   58,,8.266E-01,,,,
   59,,9.003E-01,,,,
   60,,4.643E-01,,,,
   61,,7.593E-01,,,,
   62,,6.500E-01,,,,
   63,,3.714E-01,,,,
   64,,3.714E-01,,,,
   65,,3.714E-01,,,,
   66,,2.883E-01,,,,
   67,,8.005E-02,,,,
   68,,1.067E-01,,,,
   69,,6.920E-01,,,,
   70,,2.511E-01,,,,
   71,,1.390E+00,,,,
   72,,2.511E-01,,,,
   73,,6.409E-01,,,,
   74,,8.065E-01,,,,
   75,,5.420E-01,,,,
   76,,8.779E-01,,,,
   77,,1.150E+00,,,,
   78,,2.842E-01,,,,
   79,,1.182E-02,,,,
   80,,1.895E-01,,,,
   81,,1.182E-02,,,,
   82,,2.842E-01,,,,
   83,,2.842E-01,,,,
   84,,1.078E+00,,,,
   85,,1.074E+00,,,,
   86,,4.007E-01,,,,
   87,,6.617E-01,,,,
   88,,4.007E-01,,,,
   89,,6.607E-01,,,,
   90,,2.258E-01,,,,
   91,,2.258E-01,,,,
   92,,1.809E+00,,,,
   93,,2.197E+00,,,,
   94,,3.386E-01,,,,
   95,,7.473E-01,,,,
   96,,5.478E-01,,,,
   97,,8.765E-01,,,,
   98,,5.478E-01,,,,
   99,,7.669E-01,,,,
  100,,4.382E-01,,,,
  101,,4.382E-01,,,,
  102,,1.330E+00,,,,
  103,,7.011E-01,,,,
  104,,1.870E-01,,,,
  105,,4.756E-01,,,,
  106,,2.932E-01,,,,
  107,,1.623E+00,,,,
  108,,2.443E-01,,,,
  109,,1.466E-01,,,,
  110,,6.598E-01,,,,
  111,,5.917E-01,,,,
  112,,5.669E-01,,,,
  113,,1.025E+00,,,,
  114,,1.406E+00,,,,
  115,,3.386E-01,,,,
  116,,1.840E-02,,,,
  117,,2.258E-01,,,,
  118,,3.386E-01,,,,
  119,,3.386E-01,,,,
  120,,4.587E-01,,,,
  121,,1.102E+00,,,,
  122,,9.396E-01,,,,
  123,,9.412E-01,,,,
  124,,9.412E-01,,,,
  125,,9.145E-01,,,,
  126,,3.428E-01,,,,
  127,,3.428E-01,,,,
  128,,2.263E+00,,,,
  129,,2.865E+00,,,,
  130,,2.064E+00,,,,
  131,,1.189E+00,,,,
  132,,1.040E+00,,,,
  133,,1.783E+00,,,,
  134,,1.638E+00,,,,
  135,,1.996E+00,,,,
  136,,7.471E-01,,,,
  137,,3.786E-01,,,,
  138,,2.017E+00,,,,
  139,,3.155E-01,,,,
  140,,1.893E-01,,,,
  141,,9.374E-01,,,,
  142,,3.680E-01,,,,
  143,,1.481E+00,,,,
  144,,1.861E+00,,,,
  145,,2.944E-01,,,,
  146,,3.428E-01,,,,
  147,,1.852E+00,,,,
  148,,1.118E+00,,,,
  149,,1.532E+00,,,,
  150,,1.320E+00,,,,
LOAD-DEFINITION
 3,0,0,0,"",0
F-NODE
   44,3.431E-01,,,,,
   45,5.666E-01,,,,,
   46,3.431E-01,,,,,
   47,2.440E-01,,,,,
   48,2.435E-01,,,,,
   49,2.435E-01,,,,,
   50,7.599E-01,,,,,
   51,2.842E-01,,,,,
   52,1.730E+00,,,,,
   53,1.895E-01,,,,,
   54,1.421E-01,,,,,
   55,4.010E-01,,,,,
   56,2.786E-01,,,,,
   57,3.714E-01,,,,,
   58,8.266E-01,,,,,
   59,9.003E-01,,,,,
   60,4.643E-01,,,,,
   61,7.593E-01,,,,,
   62,6.500E-01,,,,,
   63,3.714E-01,,,,,
   64,3.714E-01,,,,,
   65,3.714E-01,,,,,
   66,2.883E-01,,,,,
   67,8.005E-02,,,,,
   68,1.067E-01,,,,,
   69,6.920E-01,,,,,
   70,2.511E-01,,,,,
   71,1.390E+00,,,,,
   72,2.511E-01,,,,,
   73,6.409E-01,,,,,
   74,8.065E-01,,,,,
   75,5.420E-01,,,,,
   76,8.779E-01,,,,,
   77,1.150E+00,,,,,
   78,2.842E-01,,,,,
   79,1.182E-02,,,,,
   80,1.895E-01,,,,,
   81,1.182E-02,,,,,
   82,2.842E-01,,,,,
   83,2.842E-01,,,,,
   84,1.078E+00,,,,,
   85,1.074E+00,,,,,
   86,4.007E-01,,,,,
   87,6.617E-01,,,,,
   88,4.007E-01,,,,,
   89,6.607E-01,,,,,
   90,2.258E-01,,,,,
   91,2.258E-01,,,,,
   92,1.809E+00,,,,,
   93,2.197E+00,,,,,
   94,3.386E-01,,,,,
   95,7.473E-01,,,,,
   96,5.478E-01,,,,,
   97,8.765E-01,,,,,
   98,5.478E-01,,,,,
   99,7.669E-01,,,,,
  100,4.382E-01,,,,,
  101,4.382E-01,,,,,
  102,1.330E+00,,,,,
  103,7.011E-01,,,,,
  104,1.870E-01,,,,,
  105,4.756E-01,,,,,
  106,2.932E-01,,,,,
  107,1.623E+00,,,,,
  108,2.443E-01,,,,,
  109,1.466E-01,,,,,
  110,6.598E-01,,,,,
  111,5.917E-01,,,,,
  112,5.669E-01,,,,,
  113,1.025E+00,,,,,
  114,1.406E+00,,,,,
  115,3.386E-01,,,,,
  116,1.840E-02,,,,,
  117,2.258E-01,,,,,
  118,3.386E-01,,,,,
  119,3.386E-01,,,,,
  120,4.587E-01,,,,,
  121,1.102E+00,,,,,
  122,9.396E-01,,,,,
  123,9.412E-01,,,,,
  124,9.412E-01,,,,,
  125,9.145E-01,,,,,
  126,3.428E-01,,,,,
  127,3.428E-01,,,,,
  128,2.263E+00,,,,,
  129,2.865E+00,,,,,
  130,2.064E+00,,,,,
  131,1.189E+00,,,,,
  132,1.040E+00,,,,,
  133,1.783E+00,,,,,
  134,1.638E+00,,,,,
  135,1.996E+00,,,,,
  136,7.471E-01,,,,,
  137,3.786E-01,,,,,
  138,2.017E+00,,,,,
  139,3.155E-01,,,,,
  140,1.893E-01,,,,,
  141,9.374E-01,,,,,
  142,3.680E-01,,,,,
  143,1.481E+00,,,,,
  144,1.861E+00,,,,,
  145,2.944E-01,,,,,
  146,3.428E-01,,,,,
  147,1.852E+00,,,,,
  148,1.118E+00,,,,,
  149,1.532E+00,,,,,
  150,1.320E+00,,,,,
LOAD-DEFINITION
 4,0,0,0,"",0
F-NODE
   47,,6.165E-01,,,,
   48,,8.696E-01,,,,
   49,,8.696E-01,,,,
   50,,1.885E+00,,,,
   51,,2.552E+00,,,,
   52,,2.552E+00,,,,
   53,,1.701E+00,,,,
   54,,1.276E+00,,,,
   55,,1.206E+00,,,,
   58,,1.415E+00,,,,
   59,,1.080E+00,,,,
   82,,1.043E+00,,,,
   83,,1.631E+00,,,,
   84,,4.079E+00,,,,
   85,,3.490E+00,,,,
   89,,1.326E+00,,,,
   90,,1.870E+00,,,,
   91,,1.870E+00,,,,
   92,,3.740E+00,,,,
   93,,4.208E+00,,,,
   94,,2.805E+00,,,,
   95,,1.793E+00,,,,
  118,,1.066E+00,,,,
  119,,1.668E+00,,,,
  120,,1.668E+00,,,,
  121,,3.336E+00,,,,
  122,,2.734E+00,,,,
  123,,1.223E+00,,,,
  124,,1.223E+00,,,,
  125,,1.045E+00,,,,
  126,,1.474E+00,,,,
  127,,1.466E+00,,,,
  128,,2.306E+00,,,,
  129,,3.280E+00,,,,
  130,,1.869E+00,,,,
  147,,1.281E+00,,,,
  148,,1.687E+00,,,,
  149,,2.249E+00,,,,
  150,,1.843E+00,,,,
LOAD-DEFINITION
 5,0,0,0,"",0
F-NODE
   47,,-3.942E-01,,,,
   48,,-5.559E-01,,,,
   49,,-5.559E-01,,,,
   50,,-1.205E+00,,,,
   51,,-1.631E+00,,,,
   52,,-1.631E+00,,,,
   53,,-1.088E+00,,,,
   54,,-8.157E-01,,,,
   55,,-7.711E-01,,,,
   58,,-9.048E-01,,,,
   59,,-6.903E-01,,,,
   82,,-1.632E+00,,,,
   83,,-2.552E+00,,,,
   84,,-6.380E+00,,,,
   85,,-5.459E+00,,,,
   89,,-7.883E-01,,,,
   90,,-1.112E+00,,,,
   91,,-1.112E+00,,,,
   92,,-2.224E+00,,,,
   93,,-2.502E+00,,,,
   94,,-1.668E+00,,,,
   95,,-1.066E+00,,,,
  118,,-1.793E+00,,,,
  119,,-2.805E+00,,,,
  120,,-2.805E+00,,,,
  121,,-5.610E+00,,,,
  122,,-4.599E+00,,,,
  123,,-6.216E-01,,,,
  124,,-6.216E-01,,,,
  125,,-5.315E-01,,,,
  126,,-7.496E-01,,,,
  127,,-7.454E-01,,,,
  128,,-1.172E+00,,,,
  129,,-1.668E+00,,,,
  130,,-9.501E-01,,,,
  147,,-2.520E+00,,,,
  148,,-3.317E+00,,,,
  149,,-4.423E+00,,,,
  150,,-3.626E+00,,,,
LOAD-DEFINITION
 6,0,0,0,"",0
F-NODE
   44,7.984E-01,,,,,
   46,5.104E-01,,,,,
   47,1.051E+00,,,,,
   50,1.466E+00,,,,,
   55,7.995E-01,,,,,
   56,8.157E-01,,,,,
   57,1.088E+00,,,,,
   58,2.745E+00,,,,,
   59,6.670E-01,,,,,
   60,1.360E+00,,,,,
   62,2.977E+00,,,,,
   63,1.088E+00,,,,,
   64,1.088E+00,,,,,
   65,1.701E+00,,,,,
   66,1.701E+00,,,,,
   73,2.175E+00,,,,,
   74,2.552E+00,,,,,
   77,1.631E+00,,,,,
   78,2.552E+00,,,,,
   80,1.088E+00,,,,,
   82,1.632E+00,,,,,
   85,1.043E+00,,,,,
   86,8.585E-01,,,,,
   88,5.104E-01,,,,,
   89,2.729E+00,,,,,
   92,5.050E-01,,,,,
   95,1.366E+00,,,,,
   96,1.390E+00,,,,,
   97,3.740E+00,,,,,
   98,1.390E+00,,,,,
   99,3.273E+00,,,,,
  100,1.112E+00,,,,,
  101,1.112E+00,,,,,
  103,3.273E+00,,,,,
  110,2.224E+00,,,,,
  111,2.805E+00,,,,,
  114,1.946E+00,,,,,
  115,2.805E+00,,,,,
  117,1.112E+00,,,,,
  118,1.793E+00,,,,,
  122,7.883E-01,,,,,
  123,5.541E-01,,,,,
  124,2.845E-01,,,,,
  125,2.151E+00,,,,,
  128,3.260E-01,,,,,
  130,2.006E+00,,,,,
  131,2.949E+00,,,,,
  132,2.580E+00,,,,,
  133,2.249E+00,,,,,
  135,4.792E+00,,,,,
  141,1.499E+00,,,,,
  144,1.312E+00,,,,,
  146,7.496E-01,,,,,
  147,3.626E+00,,,,,
  150,5.315E-01,,,,,
LOAD-DEFINITION
 7,0,0,0,"",0
F-NODE
   44,-5.104E-01,,,,,
   46,-7.984E-01,,,,,
   47,-6.721E-01,,,,,
   50,-9.373E-01,,,,,
   55,-1.251E+00,,,,,
   56,-1.276E+00,,,,,
   57,-1.701E+00,,,,,
   58,-1.755E+00,,,,,
   59,-4.264E-01,,,,,
   60,-2.127E+00,,,,,
   62,-1.903E+00,,,,,
   63,-1.701E+00,,,,,
   64,-1.701E+00,,,,,
   65,-1.088E+00,,,,,
   66,-1.088E+00,,,,,
   73,-3.403E+00,,,,,
   74,-1.631E+00,,,,,
   77,-2.552E+00,,,,,
   78,-1.631E+00,,,,,
   80,-1.701E+00,,,,,
   82,-1.043E+00,,,,,
   85,-1.632E+00,,,,,
   86,-5.104E-01,,,,,
   88,-8.585E-01,,,,,
   89,-1.622E+00,,,,,
   92,-3.002E-01,,,,,
   95,-2.298E+00,,,,,
   96,-2.338E+00,,,,,
   97,-2.224E+00,,,,,
   98,-2.338E+00,,,,,
   99,-1.946E+00,,,,,
  100,-1.870E+00,,,,,
  101,-1.870E+00,,,,,
  103,-1.946E+00,,,,,
  110,-3.740E+00,,,,,
  111,-1.668E+00,,,,,
  114,-3.273E+00,,,,,
  115,-1.668E+00,,,,,
  117,-1.870E+00,,,,,
  118,-1.066E+00,,,,,
  122,-1.326E+00,,,,,
  123,-2.817E-01,,,,,
  124,-5.597E-01,,,,,
  125,-1.094E+00,,,,,
  128,-1.657E-01,,,,,
  130,-3.946E+00,,,,,
  131,-1.499E+00,,,,,
  132,-1.312E+00,,,,,
  133,-4.423E+00,,,,,
  135,-2.436E+00,,,,,
  141,-2.949E+00,,,,,
  144,-2.580E+00,,,,,
  146,-1.474E+00,,,,,
  147,-1.843E+00,,,,,
  150,-1.045E+00,,,,,
LOAD-DEFINITION
 8,0,0,0,"",0
F-CMQ
  101,9.576E+00,,-6.384E+00,,,,4.186E-01,6.384E+00,,,,4.186E-01
  110,1.915E+01,,-1.277E+01,,,,8.372E-01,1.277E+01,,,,8.372E-01
  112,9.576E+00,,-6.384E+00,,,,4.186E-01,6.384E+00,,,,4.186E-01
  149,9.576E+00,,-6.384E+00,,,,4.186E-01,6.384E+00,,,,4.186E-01
  156,1.915E+01,,-1.277E+01,,,,8.372E-01,1.277E+01,,,,8.372E-01
  158,9.576E+00,,-6.384E+00,,,,4.186E-01,6.384E+00,,,,4.186E-01
  167,7.661E+01,,-5.107E+01,,,,8.372E-01,5.107E+01,,,,8.372E-01
  171,1.915E+01,,-1.277E+01,,,,4.186E-01,1.277E+01,,,,4.186E-01
  172,1.915E+01,,-1.277E+01,,,,4.186E-01,1.277E+01,,,,4.186E-01
  174,7.980E+00,,-5.320E+00,,,,3.488E-01,5.320E+00,,,,3.488E-01
  175,7.980E+00,,-5.320E+00,,,,3.488E-01,5.320E+00,,,,3.488E-01
  176,7.980E+00,,-5.320E+00,,,,3.488E-01,5.320E+00,,,,3.488E-01
  177,3.547E+00,,-2.364E+00,,,,2.326E-01,2.364E+00,,,,2.326E-01
  178,8.866E-01,,-5.911E-01,,,,1.163E-01,5.911E-01,,,,1.163E-01
  179,2.298E+02,,-1.532E+02,,,,2.512E+00,1.532E+02,,,,2.512E+00
  181,6.384E+00,,-4.256E+00,,,,2.791E-01,4.256E+00,,,,2.791E-01
  182,5.745E+01,,-3.830E+01,,,,8.372E-01,3.830E+01,,,,8.372E-01
  183,2.660E+01,,-1.773E+01,,,,6.977E-01,1.773E+01,,,,6.977E-01
  184,9.576E+00,,-6.384E+00,,,,4.186E-01,6.384E+00,,,,4.186E-01
  185,1.702E+01,,-1.135E+01,,,,5.581E-01,1.135E+01,,,,5.581E-01
  186,8.618E+01,,-5.745E+01,,,,1.256E+00,5.745E+01,,,,1.256E+00
  188,2.128E+02,,-1.419E+02,,,,2.791E+00,1.419E+02,,,,2.791E+00
  189,8.512E+00,,-5.675E+00,,,,5.581E-01,5.675E+00,,,,5.581E-01
  190,9.576E+00,,-6.384E+00,,,,4.186E-01,6.384E+00,,,,4.186E-01
  191,4.256E+00,,-2.837E+00,,,,2.791E-01,2.837E+00,,,,2.791E-01
  192,1.064E+00,,-7.093E-01,,,,1.395E-01,7.093E-01,,,,1.395E-01
  193,9.576E+00,,-6.384E+00,,,,4.186E-01,6.384E+00,,,,4.186E-01
  194,3.064E+02,,-2.043E+02,,,,3.349E+00,2.043E+02,,,,3.349E+00
  196,8.618E+01,,-5.745E+01,,,,1.256E+00,5.745E+01,,,,1.256E+00
  197,9.576E+00,,-6.384E+00,,,,4.186E-01,6.384E+00,,,,4.186E-01
CALCULATION-CASE
 1,"",1,0, 1,1.0, 0,, 0,, 0,, 0,, 0,, 0,, 0,, 0,, 0,
 2,"",1,0, 2,1.0, 0,, 0,, 0,, 0,, 0,, 0,, 0,, 0,, 0,
 3,"",1,0, 3,1.0, 0,, 0,, 0,, 0,, 0,, 0,, 0,, 0,, 0,
 4,"",1,0, 4,1.0, 0,, 0,, 0,, 0,, 0,, 0,, 0,, 0,, 0,
 5,"",1,0, 5,1.0, 0,, 0,, 0,, 0,, 0,, 0,, 0,, 0,, 0,
 6,"",1,0, 6,1.0, 0,, 0,, 0,, 0,, 0,, 0,, 0,, 0,, 0,
 7,"",1,0, 7,1.0, 0,, 0,, 0,, 0,, 0,, 0,, 0,, 0,, 0,
 8,"",1,0, 8,1.0, 0,, 0,, 0,, 0,, 0,, 0,, 0,, 0,, 0,
STOP
